1.247476
0.212347
0.562402
0.189788
0.317966
0.741110
-0.172172
1.012677
1.482548
1.989439
0.781053
1.788713
0.325250
0.495406
-0.186165
0.774562
-0.299177
-0.377950
-0.662483
0.546875
0.737998
0.422183
0.944736
0.334346
0.115408
0.870109
0.966473
1.722778
1.359254
1.541341
0.078606
0.678833
1.134948
-0.593269
0.706717
0.954672
0.994359
0.911973
2.357457
0.448270
0.237726
0.629658
-0.116234
0.103534
0.415839
-1.233159
-1.601584
-1.500467
-1.103974
-1.390893
-2.130711
-0.690446
-1.956355
-2.737761
-0.617653
0.460631
-0.692600
-0.560204
0.160205
0.271488
0.124314
0.511871
-0.616933
-0.242901
-0.571600
-0.280305
-0.550275
-1.333387
-1.461286
-0.573851
-1.367598
-1.662827
-1.232089
-0.521418
0.421686
-1.362524
-0.379809
-0.484498
-0.997461
-1.212061
-0.800327
1.435808
2.108517
1.267966
-0.069201
0.540056
1.983221
-0.367374
0.104166
-0.009624
0.175223
-0.422181
0.263222
-1.184718
0.289014
-0.360891
-1.386892
-0.133147
-1.086173
1.351352
1.933075
1.075820
1.582644
1.074678
2.241024
1.228309
1.032667
1.133837
-0.043699
0.210310
-0.191322
-0.513043
-0.285696
-0.651264
0.925533
-0.368647
0.229615
-1.272843
-0.542772
-1.186259
-0.761559
-0.121679
-0.711504
-1.482017
-0.778417
-1.592907
0.553940
0.883691
-1.451386
-0.237828
1.209083
-0.469622
-0.817725
-0.319609
-1.925707
-0.077108
-0.571115
0.074741
-0.080776
-0.672432
-0.050697
0.298583
-1.516833
-0.302043
0.347632
0.215547
-0.475301
1.196634
0.252551
0.521368
1.280249
0.782556
0.165561
-0.302130
-0.809388
-0.707952
-0.345458
-0.314970
1.049405
0.201791
0.499666
1.800249
-0.307002
-0.004069
-0.065542
-0.031148
0.031810
0.504987
0.694515
-0.615025
0.444581
-0.035727
1.090073
-0.496646
0.259948
0.170167
-0.826389
0.656886
0.881458
-0.590836
0.005393
0.617588
0.063326
-0.711162
0.087523
0.940679
-0.188014
0.350736
-0.067430
0.370082
-1.930799
-1.656465
1.125946
-2.359329
-3.083657
1.987959
-0.751260
-2.553063
-0.510357
-0.037257
1.275495
-1.008943
-0.206393
0.864268
-0.011984
-0.927480
0.764185
-0.579468
-0.563312
0.789408
-0.987306
-2.825270
0.992355
-0.087330
-1.832780
0.545332
-0.833421
-2.022460
0.046674
-0.106432
-2.695195
-0.113407
0.864100
-0.928406
0.051093
-0.356993
0.078493
0.111154
-0.739237
0.325775
0.815245
0.189402
0.510186
0.503678
0.000217
0.415989
0.197476
-0.459668
-0.105043
0.499765
-0.270844
-0.810202
-0.197198
0.039102
0.020664
0.039435
0.445628
-0.176159
-0.066010
0.499052
0.806911
0.317355
0.966838
-0.299608
0.294813
1.202474
-1.107666
-0.081825
0.806253
-0.785508
-0.062868
0.398210
0.580248
0.358464
-0.199027
-2.275027
-0.169284
0.867654
-1.442052
-0.463183
0.015827
0.850946
2.069660
0.606534
0.132373
1.820221
-0.205196
0.337102
1.827963
-0.414415
0.898381
1.710746
-2.247754
-0.685557
3.462428
-1.818892
-0.524871
1.657608
-0.087761
-0.116279
-0.288315
1.250143
-1.017830
0.166044
0.858722
-1.548824
0.572759
2.131659
0.464203
-0.654633
1.696201
0.543821
-1.653391
0.873118
-1.111251
-2.218258
1.172277
0.736536
-0.025552
0.523138
-0.243318
0.017878
0.083945
0.735508
0.190163
0.341418
-0.179119
-0.327162
1.118720
0.645850
-0.528224
1.826853
0.141548
-1.257784
-0.022602
-0.381288
-0.706623
0.581063
0.838603
-0.353785
0.219988
0.273881
-0.577182
-0.623286
-0.498953
-0.450464
-0.488428
-0.102596
-1.040129
-0.287155
-1.461152
-0.079470
0.507982
-0.410233
-0.022738
0.276004
0.063805
-0.594666
0.552668
-0.477245
0.089268
0.703248
-0.356038
-0.773079
0.580297
1.431972
-1.699946
1.140487
0.584934
-1.754725
-0.832649
-1.950472
0.402182
0.181543
-1.892029
0.085162
0.311192
-2.200180
0.975795
3.242819
0.873550
-1.398953
3.005736
-0.368484
-2.009288
1.862451
-1.815617
-2.583201
0.724393
1.495229
0.298956
0.509855
0.138866
0.075632
-0.225636
-0.234768
-0.941580
0.609125
-0.049605
-0.242002
1.309470
-0.055392
-0.380870
0.595664
-0.130943
0.085728
0.066062
0.158407
0.068292
0.344558
1.682997
-1.049806
0.345842
-0.039256
-0.605795
0.847336
-0.946453
-1.007887
0.592719
-1.301321
-1.113163
0.452538
-1.119146
-0.818394
-0.652743
-0.465858
1.690231
0.633974
1.951056
0.302985
0.447917
0.044330
-1.611024
0.717882
0.910724
0.084282
0.839564
1.575421
-1.197812
0.103948
-0.288538
-0.630772
0.557375
0.194822
-0.004159
-0.058042
-0.480266
0.175736
0.007530
-0.570836
-0.389664
-2.918896
-3.153213
-1.817287
-1.643346
0.088437
0.961887
1.526448
3.526873
3.509858
0.753675
0.554698
0.609935
-0.121979
-0.403072
-0.517639
-0.439523
-0.237825
-0.312464
1.857202
1.436532
1.588037
0.039169
0.233845
-0.766533
-1.552192
-1.560762
-1.492226
2.338699
2.533414
1.452474
1.347335
0.236320
-1.089173
-1.705267
-2.240706
-2.585307
-0.303810
-0.067298
0.249406
0.033064
-0.198979
-0.273776
0.071539
-0.595456
-0.469294
0.219839
-0.137387
-0.283159
0.408702
0.013794
-0.063022
0.050140
0.394110
-0.171779
0.074496
-0.121868
-0.039325
-0.588667
0.356311
0.122812
0.713809
0.845383
0.308927
-0.065553
-1.088819
-0.372716
-0.137782
0.287658
0.467632
-0.136819
0.759039
0.064378
-0.815526
-0.534082
-0.294823
0.242725
0.890459
0.679870
0.347480
-0.022343
-0.573210
2.064751
-0.550778
-1.593256
-2.807398
-2.608746
0.280323
-0.360261
1.622002
0.844255
0.249661
0.614345
0.269607
0.725607
-0.105702
0.354587
-0.135677
0.278164
-0.042267
0.401005
0.879933
0.474839
0.773154
0.272292
-0.347546
-0.423489
-1.016220
0.098751
0.300390
0.303585
-0.264167
0.355910
-0.078839
0.334554
0.418293
0.657832
-0.283792
0.179336
-0.186984
0.425431
-0.217948
-0.331762
0.106078
-0.115909
-0.063005
0.009659
-0.227537
0.177955
0.164061
-0.142886
-0.620699
-0.746276
-0.365939
-0.036566
0.321287
0.238596
0.271792
0.388218
0.440511
-0.348781
-0.056154
0.509650
-0.872864
0.307835
0.171274
-0.832956
0.428940
0.251497
-1.342195
-1.843925
2.104669
2.039191
-0.726520
0.489979
-0.121034
-0.558095
-0.242964
-0.499109
-0.127546
0.233167
0.308469
-0.391482
-0.671995
-0.346711
0.254054
0.576245
-0.132006
-0.092997
0.366419
0.509726
0.283232
-0.062877
-0.309396
0.452582
0.414411
0.137434
0.544306
-0.740227
0.470842
0.381112
0.116766
0.758435
2.008579
-0.963601
-1.781913
0.082521
-0.081467
-0.241484
-1.142109
-0.259047
-0.082556
-0.068736
0.252052
0.332235
-0.106423
-0.438713
-0.639703
0.030582
0.055417
-0.084354
1.193969
-0.527350
-0.869448
0.130585
-0.207109
-0.953382
-0.850905
-0.573360
1.221150
1.109309
-0.751404
-1.502811
0.136787
0.297509
-1.527507
-0.319520
0.733908
-0.687513
-0.364774
0.741826
-0.732867
-1.736290
2.511802
0.824674
-0.228993
-0.743044
-1.129949
-0.788899
1.307110
0.455236
0.106547
0.195672
0.409432
0.567574
-0.272756
0.082680
0.386730
-0.088144
-0.217718
0.358202
1.357670
0.210175
-0.660857
0.029952
-1.233807
-0.599554
0.698096
0.658263
-1.801640
1.200004
1.658629
0.128888
0.366727
-2.444730
-1.229990
2.935801
-1.150753
-2.532127
1.721114
1.568511
0.152654
-0.442489
-1.957120
-0.471321
0.933257
0.111274
-2.134574
0.292041
3.177561
1.250819
0.876131
-0.275698
1.263180
0.852212
-2.963832
-1.627436
1.267627
1.333230
-0.215643
-1.302531
-0.978881
-0.750150
-0.694466
0.069258
0.150836
0.982834
1.092679
0.581666
0.299522
2.138592
0.523600
0.513949
1.690639
-1.212591
-0.565808
-0.134254
-2.918648
0.589167
0.380866
-0.021300
0.573211
0.513932
-0.549003
-0.473164
0.211827
-0.507161
0.136550
-0.046651
-0.543485
0.176193
0.540795
0.571507
0.780517
0.013246
0.214022
0.957882
-1.220425
-1.969875
1.178949
-1.409146
-0.191446
0.906199
0.512651
1.533509
0.282932
0.539598
-0.587020
1.460800
-0.834929
-0.701858
0.068444
-0.487241
-0.366408
0.326293
-0.232568
-0.102744
-0.533008
-0.222589
-0.600254
0.001200
-0.732942
0.733456
0.319456
-1.214251
-0.417233
-0.570680
-1.481328
0.458192
-0.125993
0.095741
0.732862
0.418580
1.536813
0.751666
-0.500814
0.020760
-0.248938
-1.296221
-0.785315
-0.432800
-0.329765
-1.067469
-0.520934
0.328829
-0.053555
0.545602
0.163012
0.838123
1.185698
-2.570898
-1.801420
0.001449
-1.606659
0.882080
0.818378
1.266793
2.221154
0.189446
-0.015870
0.371442
-0.235350
0.167653
0.606596
0.618582
0.080394
0.177351
0.422714
-1.040912
0.053455
1.894316
-2.652453
-0.267576
2.006231
-3.177774
2.422565
2.086873
-0.216444
0.691314
0.863112
-0.113213
-1.327703
0.897572
-0.622346
-1.328605
-0.030926
-0.143627
0.721518
0.265144
-0.986745
-0.767947
-1.035929
-0.901393
0.394141
0.313593
-1.637795
-1.148823
0.053556
-1.250108
1.347748
0.276971
1.058957
1.794604
1.208002
0.978646
0.116712
-0.449170
0.712949
0.516057
0.082562
0.452570
0.989547
0.466014
-1.132593
-0.993734
-0.649448
-0.210518
0.238922
0.130252
1.808970
1.252305
0.504056
0.020291
0.113521
0.226308
-0.274862
0.046842
0.009397
-0.385924
0.105681
-0.372178
-0.054667
-0.204391
-0.790326
0.753131
0.692007
0.027345
0.877239
0.650814
-0.325375
0.416986
0.032892
-1.021028
-0.287206
0.873105
-0.412572
0.335962
1.217601
-0.266029
-1.254560
0.894643
-0.382816
-0.484376
0.405666
0.053798
0.887369
-2.525954
-0.729467
0.721470
0.889223
1.203910
-0.015146
0.151257
0.082306
-0.623072
-1.336305
-0.585815
-0.640170
0.954580
-0.028656
-1.277501
-2.526958
1.027523
-0.826645
-1.253292
0.805298
-0.764918
1.838711
0.785407
0.198615
0.484389
-0.566294
0.114062
-1.651898
0.343801
-0.937144
-1.550379
-1.401287
0.348845
0.805202
0.309278
1.041901
2.164894
0.520073
0.500771
0.791800
0.812177
0.193913
0.332030
-0.685896
-0.381449
-0.568967
-0.302871
-0.840286
0.500554
0.159927
-0.012133
-0.292476
-0.270592
-0.878155
-0.083820
-0.624864
-1.400967
1.720047
-0.487165
0.600046
-0.552806
-0.146739
0.590809
-0.751543
0.759757
-1.158105
0.039526
0.728462
-1.246683
3.327143
0.880162
-0.088571
-0.719069
-0.038180
2.102208
1.195756
-0.387829
-1.041888
1.051484
-0.640153
-3.490486
-1.509683
0.762170
1.150194
-0.947286
0.012941
2.129017
0.980663
-0.892958
-3.934285
0.344026
0.222093
-0.750881
-0.991112
0.002921
0.350124
-0.054656
-0.307050
0.552767
0.395961
0.123754
0.841331
0.659383
-0.477926
0.154464
-0.427109
-1.093666
0.362698
0.588260
0.938913
-0.823029
0.274684
-0.007378
0.237590
0.424194
0.483376
0.781707
0.544851
0.964429
-2.248652
-1.486027
-1.624034
-0.478771
0.604814
0.380266
2.291927
2.294008
2.560743
-1.753874
-0.537291
-1.318224
-0.303314
-0.379111
0.872132
1.448549
1.899711
1.421474
-0.224001
-0.484710
-1.606405
-1.703578
-1.695880
-0.558542
-0.226782
0.025792
-0.425846
-0.271835
-0.880776
-0.362553
-0.453779
-0.375024
-0.655790
0.380802
0.578038
1.072978
1.436731
0.326960
0.349090
1.054149
-0.721801
-0.107483
1.064093
-0.046170
1.276853
0.379436
-0.920386
-1.043117
-1.301526
-0.583102
0.138951
-0.579824
-0.086379
-0.436162
0.694327
0.485266
-0.218749
-0.047533
-0.480536
-0.163429
0.975175
0.913250
0.348751
-0.232994
-1.094283
-0.107983
-0.907513
-0.271972
-0.284459
0.575910
0.614103
0.252972
0.103393
-0.770780
0.055252
-0.118867
0.453165
-0.494059
0.745846
1.065760
-0.155368
-0.039807
-1.339913
-1.290504
0.631741
1.403378
1.932176
0.304561
0.852537
0.305494
0.522767
-1.065514
-0.363931
1.282789
1.075858
3.125817
0.577476
0.626610
0.865359
-0.846226
-1.822658
-1.651644
-2.151856
-2.218975
-2.249313
-1.245458
-0.357260
-0.373057
0.458732
0.348430
-0.100946
-0.925048
-1.476685
-0.948593
1.653408
1.546234
1.294024
-0.356141
0.320551
0.079709
0.504496
0.117451
0.297328
-0.107640
0.558024
-0.178709
-0.729691
1.449334
2.589878
-0.903701
0.323308
0.870780
-1.591647
-0.459448
-0.321138
0.251293
0.174435
-0.135778
-0.056817
0.161870
0.255446
-0.067818
0.543668
0.590543
-0.311807
-0.792604
-0.810290
-0.187462
0.563683
0.034720
0.178835
1.081773
1.311910
1.487950
-0.208630
-1.734733
1.178012
-0.749622
-1.320957
1.470206
0.556641
0.135917
0.064168
1.757131
0.307725
0.403608
0.153006
-2.289457
0.220578
-2.912585
-0.579058
0.515016
0.360822
0.188540
-0.213030
-0.526802
-0.359003
-0.641052
-0.090783
-0.269604
-0.861211
-0.293836
1.146664
0.211062
0.366717
0.036009
-0.151183
0.836920
0.493539
1.484146
1.062020
-0.460359
0.061265
-3.422575
-0.665383
-0.795602
-2.648335
2.129057
1.843986
2.011784
-0.465723
1.906379
0.680602
-1.742606
0.086969
-1.027564
-2.424720
0.149328
0.784997
0.663169
-0.035404
0.186258
0.585871
0.191636
0.298457
0.049569
1.622238
0.688019
-0.299610
0.789965
-0.042905
0.360545
1.037320
0.210503
-0.635711
0.912875
1.012709
-0.708616
0.698686
-0.637869
-2.238046
-1.109408
-1.793034
-0.246214
-0.297823
0.325410
-0.112082
0.315921
-2.473786
-1.859946
-0.056672
-1.697121
1.493378
0.173129
0.251838
0.302392
0.054326
-0.429162
-0.121696
-0.081851
-0.370197
0.339374
0.296720
0.974440
0.852345
0.711916
-0.205012
-0.224045
-0.212845
-1.532782
-0.461865
-0.246319
0.877220
-0.155881
-0.605570
0.810566
-0.313773
0.487609
0.738009
0.452488
1.564687
1.068103
1.598684
-0.101678
0.260772
0.398335
-0.132822
-1.073967
0.117868
0.036612
0.810122
0.212708
-0.163406
0.277956
0.694723
0.393589
0.117029
0.012489
0.578738
-0.110309
-0.147809
0.055897
0.623347
-0.548516
0.844937
-0.574373
0.452895
-0.084047
0.688740
1.312389
0.585474
0.406898
0.658479
0.297184
0.654942
0.032288
-0.119802
-0.136355
0.767154
-0.934900
-0.904909
0.194262
0.114865
-1.224555
0.628790
0.230483
-0.183389
1.991481
0.281880
0.320133
0.594546
-0.813776
0.175236
-0.269876
-2.026993
-2.098839
-1.757350
-2.412829
-3.659428
-2.493030
-2.015856
-3.380704
-2.456649
-0.575040
0.660418
-0.310197
-0.446070
1.530143
0.998214
-1.042795
0.732797
0.796628
-0.248651
-0.442747
1.463728
-0.857022
0.318901
-0.096272
0.593851
-0.167962
0.728250
0.343428
1.682477
1.949569
-0.014563
0.326699
1.093128
0.467914
-0.315368
0.872578
-0.579901
0.768169
0.880321
-0.323190
-0.220527
-0.408268
0.281778
-0.152582
1.032544
-0.003109
0.763585
1.519402
-1.186966
-0.204237
-0.121032
0.253498
-0.380404
-0.332173
0.980940
0.492662
0.271044
0.381415
-0.048088
0.834369
-0.453321
-1.485047
-0.580882
-0.432754
0.067125
1.507322
-1.627943
-1.111118
0.528194
-1.529316
-2.579165
0.998570
-0.220847
1.771798
0.499273
-1.652085
-0.473738
0.837798
-1.131335
-0.155749
0.409036
-0.361864
-0.544238
-0.035880
-0.067046
-0.447224
-0.468930
0.338893
-0.527449
-0.251404
-1.253772
0.117571
0.990044
-0.293092
0.428315
0.681257
-1.044686
0.160890
0.651967
0.085778
-0.415808
-0.905907
0.948258
0.145088
-0.136537
0.682054
0.547848
0.572286
2.251721
0.369397
-0.954291
0.980206
-0.171581
-0.652516
1.460196
0.354462
-1.531694
2.875493
0.183611
-0.638915
2.140887
-0.161048
-1.332739
1.390758
-0.578334
-2.100246
0.245549
1.010105
0.974623
0.536581
0.640369
0.575996
0.412365
0.384268
0.204960
-0.151731
-0.074410
-0.552432
-0.235254
-0.816552
-1.344630
0.453944
-0.434687
-0.742321
1.714978
-1.341707
-3.180692
0.112643
-2.211608
-2.648089
0.441892
-0.574080
0.173036
0.872179
0.315450
0.252699
0.209068
-0.365020
0.227471
0.539738
-0.201449
0.532668
0.919751
0.625962
0.122626
0.518228
0.708934
-0.622393
0.186822
-0.357153
-0.497775
1.311954
-1.807180
0.964191
0.056508
-0.854145
0.654919
0.854208
-0.599920
1.271592
0.921646
-0.453704
0.439773
0.971162
0.351338
0.440272
0.405180
-0.026068
0.284713
1.530672
-0.660226
-1.378435
0.495519
-1.391498
-0.837608
0.232316
-0.147451
0.176483
0.992579
-1.833605
-1.406604
0.603262
-2.488302
-1.425946
1.024099
-1.208109
0.439212
-0.212126
0.010262
1.883784
0.397962
0.194132
0.403163
0.001063
1.210062
-0.134966
-0.060867
1.014386
-1.833812
0.295319
1.256869
-2.552240
0.547387
0.847703
-2.213575
-0.371992
-0.150554
-0.345914
0.129173
0.119741
0.400721
0.444312
0.182976
0.378917
2.676833
2.908926
3.446141
-0.781463
-0.017758
0.593219
-3.840530
-3.288839
-1.696381
0.067100
-0.017144
-0.377055
0.099724
0.000031
-0.394296
0.291863
0.134525
-0.333659
-1.796144
-1.758685
-3.413246
1.018971
0.298693
-0.815447
2.980138
2.497424
1.075502
-1.360048
-1.630075
-2.501936
0.965715
-0.314198
-0.058630
2.425455
1.499013
1.213040
-0.096617
-0.012672
-0.104970
0.108637
-0.269589
0.089657
0.132095
-0.065125
-0.102370
0.291474
-0.093325
0.030778
-0.100440
-0.135307
-0.145369
0.171856
-0.211403
0.036408
0.287764
-0.025396
0.247584
0.039561
-0.202008
-0.079950
0.060671
0.047408
0.177657
0.199213
0.304818
0.081263
-0.053133
-0.287208
-0.063748
0.000172
-0.298084
0.101930
1.189405
1.409927
2.554415
-1.271895
-1.166596
1.187667
-1.966418
-1.789229
-0.089895
0.040354
0.514014
0.118221
-0.568450
-0.639348
-0.741652
1.006061
-0.887332
0.109287
-0.033167
0.114860
0.574552
-0.405899
0.046465
0.277695
-0.460781
-0.196271
-0.201809
-0.443493
-0.064343
-0.476473
-0.213110
0.009510
0.727773
0.182218
0.101113
0.142777
0.114663
0.000434
0.100189
0.009225
-0.058511
-0.023044
0.087410
-0.094275
-0.043471
0.219440
0.171192
0.018670
-0.108719
0.131952
0.090140
-0.154677
-0.560454
0.146901
0.010637
-0.001732
0.099593
0.077654
0.232037
-0.010213
-0.019729
0.221534
0.006608
0.775647
0.100441
0.169787
-0.600980
-0.451794
-0.335184
0.484604
0.367635
0.159490
0.787689
-0.203727
0.612095
0.081890
-0.776825
0.347666
-0.381460
0.088044
1.173380
-0.557262
-0.092956
0.218514
-0.502551
-0.280121
0.049923
0.443888
0.631818
0.643045
0.645652
-0.130900
-0.459493
0.697637
-0.485722
-0.775362
0.488847
0.026137
0.430560
1.190004
-0.567634
0.335325
0.843964
-0.253433
-0.696277
1.433862
-0.395948
-0.473779
0.383718
-2.972710
1.488844
0.152475
-3.401109
1.520033
0.666432
-2.054685
0.298609
-0.417648
-0.378076
0.748045
-0.446014
0.080926
0.357935
0.369764
1.096038
0.229128
-0.253649
1.088617
-0.235669
-0.652442
-1.455116
-0.622982
-1.257309
0.681927
0.115171
0.767563
-0.158081
-0.772674
-0.030534
0.069529
0.353665
-0.971854
0.918170
-0.264477
1.397983
0.685396
0.895129
0.808979
-1.061580
0.224159
-0.190210
-1.667132
0.022295
0.687910
-0.277596
0.238640
0.400302
-0.910173
0.317263
0.846288
0.506997
0.388432
0.150371
0.295781
0.326152
0.451994
0.009585
0.097951
-0.099852
-0.378984
-0.146896
0.520440
0.239569
0.429883
0.882009
-0.819341
0.028844
0.008855
0.900697
-0.018473
-1.208502
-0.632751
-0.216803
-2.498196
-1.795760
-0.173794
-1.464617
1.462699
0.712387
0.546275
-0.226298
-1.467521
0.812376
-0.637669
-0.045651
-0.217729
-0.135174
0.918625
1.512519
-1.524162
0.241694
3.237164
-4.657585
0.458407
3.127756
-2.396556
0.229510
1.222505
0.402378
0.615056
-0.449527
0.818308
0.824207
-1.378525
-1.253246
-0.644761
-0.647602
-0.126445
0.484398
0.063202
1.173289
0.556740
0.440144
-0.355787
0.218562
-0.061716
0.359566
-0.504071
0.496820
-0.589785
-0.270136
0.151422
0.638120
-0.371014
1.370853
1.652789
0.866863
-0.950074
0.383013
0.656089
-1.268377
-1.028275
-0.298227
1.374239
0.972222
1.807304
-1.090078
0.304498
1.083003
-1.613889
-1.306909
-0.801755
1.311535
1.153978
0.403949
0.724304
1.496387
0.238124
-1.574532
-0.808452
-0.228372
0.382454
-0.705260
-0.116617
0.515125
0.195918
-0.218333
-0.522285
0.131723
-0.277746
0.948822
1.192827
0.753840
0.730344
1.803039
1.540645
-1.423762
0.834109
1.073551
1.059482
0.530454
0.564584
0.432332
-0.527660
-0.218228
-0.961681
-0.452637
-1.119969
1.496551
1.892184
2.693462
-0.380337
-0.221032
0.777770
-2.006135
-2.109375
-1.212622
0.812599
0.556264
0.373841
0.489187
0.287475
-0.244609
-0.874776
-0.310618
-0.132812
0.765180
0.949429
0.535581
0.555112
0.822584
-0.322923
-0.275873
-0.341838
-1.080435
0.580363
0.813246
-0.579081
0.496879
1.525948
1.902563
-0.233764
-0.792637
0.652842
-0.898434
0.098700
0.068748
-1.655361
-1.224939
-0.372783
-0.794028
-1.306674
-0.026337
-0.222670
-0.477111
0.083191
-0.336328
-2.220455
-1.014041
0.470751
-2.866174
-2.499150
-0.613843
0.178449
0.517352
-0.791903
0.732413
0.128277
-2.016720
-2.479604
-1.108901
-0.479448
-0.915296
-0.227156
0.084809
-0.045759
0.065494
-0.210339
0.162744
0.579188
1.482680
0.808423
0.707508
0.668900
0.649427
-0.652471
0.003636
0.053109
-1.467606
-0.083048
-0.341118
-0.009831
0.042028
0.505646
-0.181654
0.021573
-0.052565
-0.833362
-2.266778
-1.298341
-0.304161
-2.059294
0.076468
1.544815
0.290240
1.663456
2.456555
-1.246032
-1.912893
-0.573312
-0.782427
-0.166127
1.212992
0.428017
2.170993
3.255934
-0.379057
-1.083739
0.070913
-1.322993
-0.335984
-0.254864
0.531027
1.119279
0.550262
0.414721
0.539473
-0.046765
0.223477
-0.028530
-0.633407
0.246661
-0.262429
-0.909271
0.346192
-0.497912
-0.180590
-1.621013
-3.033484
-0.643756
-1.554100
0.534117
0.118468
-0.392710
-0.293265
-0.538641
-0.429024
1.541595
0.529476
2.436293
-0.494601
0.538550
1.214475
-0.196528
-0.926623
0.885843
-0.209436
-0.452775
0.657460
0.641511
-0.683721
-0.133809
0.566543
1.040662
1.022185
0.130074
-0.078541
0.282661
-0.393412
-0.581644
-0.666090
-0.838285
-0.578209
0.299371
0.332288
-0.078906
1.070318
1.049667
0.797155
1.022045
-0.329945
-1.556863
-1.715207
-2.013517
-0.515179
-0.500462
0.391270
0.331309
1.179433
1.042234
0.517338
-0.474938
1.771700
0.967502
2.283832
0.839274
-0.852707
-0.450645
-1.596370
-0.022420
-0.631561
-0.850573
0.582542
-0.332659
1.721688
1.382108
-0.687013
-0.766729
-0.250059
-2.154907
-0.388810
-0.017607
-1.316889
1.597661
-0.007097
1.287059
0.303328
0.362215
-0.135864
-0.685449
0.512567
-0.302401
-0.281654
0.240767
1.491569
-0.148074
-0.450584
-0.705375
-1.305207
-0.070168
-0.207390
0.009179
1.240007
0.046889
-0.518205
-0.275906
0.264929
0.186765
0.328370
-0.047858
0.281483
-0.349424
1.220558
0.957983
0.035093
0.401962
-0.930856
-0.413597
-0.511511
-0.665074
0.084760
1.562832
-0.206014
0.012859
-0.181852
-0.201032
0.413074
-0.535505
-0.569192
0.685785
0.997220
-1.367980
-0.194497
-0.905765
-1.159473
0.106518
0.075915
1.516451
0.143069
0.218805
0.258402
0.612926
0.169352
0.658338
-0.150708
0.090084
-0.343354
0.393603
1.518924
2.157312
-0.270378
2.647461
-2.939913
-2.746983
-0.521347
-2.615412
0.580234
-0.568778
-1.027280
0.150645
-1.079972
1.446320
-0.328670
0.323600
0.683930
0.186061
0.578325
-1.176334
-0.911028
-1.351275
-1.274480
0.859172
-0.032861
1.636463
2.560594
0.256793
-0.603475
-0.177435
-0.377221
0.109624
0.956699
-0.468162
0.902756
-0.111523
0.949707
0.418855
0.100918
-0.100939
0.255054
0.845753
-0.847958
-0.529537
-0.025808
0.310930
1.315197
0.094061
0.478968
-0.802016
-0.578805
0.396646
-0.514111
0.598576
0.180431
-2.765567
-0.737143
-1.672040
0.442025
0.541517
-0.900522
1.022138
-0.118344
-0.462925
2.617400
-1.128850
-0.594193
-2.249605
-0.904462
0.716240
-0.606269
0.781126
2.444225
1.134622
0.400532
-0.434385
-3.272017
0.051401
-0.430975
0.236663
1.020350
0.643155
0.024638
0.336349
-0.929910
-0.221146
-0.872119
-0.390021
0.079460
-1.620010
0.155420
-1.851046
-1.365893
1.658256
-0.210682
0.669866
1.664942
-0.150144
0.230005
-1.566164
-1.014905
-2.105490
-1.708497
-1.523031
-1.125233
-1.779097
-1.365907
-1.287886
1.110569
1.068079
0.186176
0.530321
-0.316805
-1.319864
0.955115
-0.601113
0.531472
0.870419
1.296211
0.699292
0.217666
-0.524247
-0.041294
-0.513748
-0.839281
0.474055
0.003042
0.137159
0.520809
0.315954
-0.789233
-0.235660
0.969808
1.276065
-0.118928
-0.644376
-1.161187
-1.789601
-1.103962
-1.541504
-1.281577
-0.263562
-0.424178
0.314860
0.295101
1.122323
0.178110
-0.064377
-1.859440
-0.303064
0.615083
0.494957
0.838408
1.069707
-1.632380
-0.320459
0.381746
0.142209
0.456518
-0.535975
1.186484
0.556103
-1.470030
1.109463
1.534802
-0.633822
0.341739
2.444197
-3.466788
-1.142119
0.776783
-1.135517
-0.809981
-0.916549
0.290605
0.417753
-0.111112
0.708518
1.023256
-1.969179
0.440495
1.418610
0.663863
-0.258372
0.685776
0.842242
-0.358553
0.302484
-0.638505
1.242616
0.813484
-0.150739
0.829620
-0.794269
0.544088
0.432452
0.637864
0.484054
0.834480
0.225521
-0.693290
0.189770
0.043212
0.019862
0.338196
1.819968
-0.116192
1.097410
-0.968231
-0.558938
0.248569
-1.437731
0.506293
-1.367791
-0.062286
1.469079
1.311282
0.618866
0.913256
1.104115
1.347897
0.266137
1.782856
1.544219
0.431322
-0.392935
0.510066
-0.188085
-0.171799
-0.024912
-0.612234
0.166671
0.041989
0.355735
-2.528915
-1.813350
-1.021396
-0.537783
0.673668
0.137788
0.239875
2.208623
2.705956
0.401817
-0.365398
0.631170
-0.257305
-0.459804
-0.742638
-0.210207
0.016260
0.148602
-0.097197
-0.353506
0.602015
-0.503040
-0.927121
0.627178
0.824340
-0.040836
0.063993
1.529424
-0.135525
1.550094
0.759701
-1.749496
-0.848666
1.200611
-1.073444
-1.674080
0.594653
0.682058
0.610071
-0.128870
-0.265049
-0.008067
0.823346
-0.350329
-0.302402
0.590406
0.013550
-0.223029
0.351864
0.079563
-0.746151
0.672521
0.083186
-0.772485
0.382075
-0.259323
-0.564103
0.633870
-0.723250
-0.771325
0.765553
-0.121442
-0.573892
0.718922
0.440623
0.217462
-0.027174
0.088147
0.266381
0.308555
-0.025677
0.158977
-0.310119
0.405519
0.609509
-0.974186
0.140521
1.040532
-0.980171
0.693905
0.372524
0.195461
4.679222
-0.264523
-5.001475
2.610430
1.384534
-3.164602
-1.034831
0.640195
0.314973
0.667160
0.137029
-0.588828
-0.097414
0.291258
0.216188
-0.651143
-0.221874
0.398706
1.248882
0.029340
-2.265442
1.271040
0.852289
-1.502692
-0.872621
-0.146107
-0.133849
0.025471
-0.574870
-0.424771
-0.112154
0.250371
0.200572
-0.108939
-0.255719
-0.175540
-0.513340
0.070052
0.322520
-0.081739
0.122620
-0.694961
0.088742
0.173773
-0.715262
-1.082088
-0.431747
0.629332
-0.154034
-0.494420
0.675762
1.380774
0.605132
1.291836
0.372248
-0.598330
1.326837
-0.267073
-0.206055
0.097998
-0.067610
-0.716968
-2.531151
0.081991
2.623462
-2.617915
0.401723
3.155459
-1.455326
-0.191564
1.124888
-0.159996
0.579277
0.275798
-0.248858
-0.282072
-0.497457
0.274947
0.055925
-0.538458
1.590293
-0.177343
-1.695928
0.880180
-0.180117
-0.684072
1.252090
-0.124719
0.026107
0.696036
-0.782141
-1.860549
1.391731
-0.454173
-0.700751
2.557219
1.160159
-0.340467
0.065483
0.058392
0.211986
0.395865
0.562025
0.444122
0.372341
0.080505
0.612723
-0.112948
-1.131723
-0.631988
0.039547
0.185526
0.535486
0.204534
-0.106351
0.072416
0.176465
0.305417
0.120234
0.504373
0.827717
0.543991
0.745386
0.836926
0.431350
1.213692
0.287707
0.496953
-0.114838
-0.231020
0.386574
0.605565
0.264936
0.266335
-0.903000
-0.133976
0.822449
-0.835531
0.391621
0.683210
0.340470
0.013331
0.531384
-2.622844
-5.390638
-0.008693
-2.104266
-3.558192
-0.932838
-1.483292
-0.414500
-0.006372
0.124808
-1.013232
-0.462406
-1.010626
-0.875088
-0.222507
0.249471
-0.413686
0.784954
-0.489289
-0.867323
-0.165169
-0.081908
-0.279073
-0.179333
0.187247
0.733712
0.466363
-0.159496
-0.671382
-0.265660
0.711034
0.036959
-0.056669
0.093196
0.004445
0.501379
0.236804
-0.898305
1.327170
0.626314
-0.056512
0.377260
0.169935
0.439485
0.726754
0.592927
0.350894
0.318324
0.363278
0.319504
0.183918
0.808774
0.199658
-0.518044
-0.053524
-0.444194
-0.229184
0.681825
-0.357003
-0.569759
0.407065
0.172490
-0.226872
0.193890
0.549896
0.256856
0.750444
0.234463
1.192339
0.118304
0.312394
0.316574
-0.021379
0.101452
0.191271
-0.395645
-0.347531
0.031700
-0.260299
0.423690
0.806746
-0.210489
0.115696
1.201104
0.202080
0.524090
-0.023673
-0.344968
-0.879911
0.344128
0.048803
1.088515
0.407786
0.462769
0.776914
0.663170
-0.458647
-0.490046
-0.486107
0.985129
-1.915476
-1.321574
-0.811156
-0.134162
1.214601
-0.732114
-0.563362
-0.009272
-1.525340
-1.802810
-0.360349
0.395520
-0.155792
-0.665344
0.437579
-0.244554
0.204703
1.499264
0.715030
0.633448
0.763225
2.843653
-0.031913
0.002476
0.173977
-0.217873
0.469736
-1.820444
-1.349087
-0.403694
1.304352
0.707736
-1.158164
0.309252
0.193146
0.800055
0.641171
0.381041
-0.866251
0.476048
0.041436
-0.126518
-0.338352
0.044296
-2.277800
-2.132467
-0.140554
1.552557
1.422317
-0.050574
0.538224
1.223639
0.423462
0.486621
0.586131
0.397684
0.134064
0.946495
0.553105
0.095507
-0.108513
0.025713
0.297151
-0.055605
1.347833
-0.068656
0.701871
0.429559
-0.305299
0.877745
0.029016
1.344539
-2.671688
-1.978707
-0.737087
-2.252438
-1.664781
-1.018723
0.329279
-0.615267
-0.331964
-2.076571
-0.609602
0.860177
1.893787
0.082573
0.789518
0.952014
0.579001
-2.620943
-4.079101
-2.814073
0.903566
1.729613
-0.624775
1.094016
0.969467
0.178448
0.140891
0.964501
-0.051178
-0.157454
0.649736
0.951526
-0.008371
1.041386
0.140469
2.582979
1.128066
-0.413963
0.961415
-0.109841
-1.090503
0.400552
-1.463168
-1.088398
-1.131331
0.230945
-0.145890
-0.555030
-0.742661
0.221487
0.160975
-0.794036
-0.972606
-0.778417
0.224101
1.145504
-0.329042
-0.069195
0.859249
-1.758322
-0.201631
0.416682
-1.583159
-0.697982
0.250085
-0.255847
-0.306710
1.659366
-0.365476
0.956156
1.386848
1.939160
-1.808511
1.038533
0.473604
-2.384741
-0.863622
1.354992
0.146888
0.273001
0.209815
-0.837953
-0.795856
0.766698
-0.692673
-0.786824
0.500559
0.495815
0.042794
-0.949747
-2.203993
-2.527769
0.449842
-1.200192
1.109013
0.849708
1.533216
1.301744
1.039253
0.510781
0.437910
-0.710210
-1.212558
1.172220
0.323036
-1.240156
-0.569187
-0.002201
-0.331417
-0.206325
0.507995
-0.645482
0.123206
0.699559
-0.226577
0.568344
-0.187192
-0.210088
0.829096
1.049415
0.167254
0.772017
0.116558
0.326428
-0.466634
-0.143597
-0.354366
-0.252657
-0.736181
-0.494708
-0.540492
0.004337
-0.465009
0.041944
-1.968623
-2.336013
-1.595861
1.918289
0.167996
0.766978
0.931178
1.620944
1.882743
-1.409244
-0.921884
-1.193285
0.940829
1.070901
1.414688
0.375058
1.056561
0.217364
0.655110
-0.120247
0.646808
-1.327946
-1.554962
-1.141561
-1.404281
-1.080822
0.628051
1.121455
-1.204364
0.974589
1.413282
-1.020260
0.022342
1.439718
-1.063582
1.547528
0.103698
-0.607720
-1.151136
-0.056452
-0.082572
-2.253071
0.124333
-1.209176
-1.504228
0.691008
1.346432
2.874148
-1.165964
-1.091827
-0.789181
-0.662635
-1.872727
-0.027801
1.061323
-0.029437
-0.200108
0.750403
0.890493
0.947756
-0.069425
0.282336
0.382381
-0.588074
-1.105433
-0.190797
-1.049140
-0.632333
-0.274005
0.001369
0.682514
1.182835
0.044544
-0.347579
-0.845036
0.275139
0.179897
-0.384081
0.576938
0.903016
0.077721
-0.223314
0.679203
3.014219
-0.610212
-0.563799
4.703297
-0.170492
-1.342430
1.273573
0.816739
1.301216
0.087408
0.080336
1.019463
0.909833
1.001644
0.184809
0.297136
-0.439261
1.034212
0.840959
-0.784689
-0.789964
0.335716
-0.037340
0.366785
-1.257007
0.014590
0.714450
-0.637909
-0.316271
1.846951
0.761541
-1.253530
-0.794172
-0.311570
2.181805
0.076270
-0.204166
0.853655
-0.397249
-2.241229
0.389734
-0.612735
-2.101344
0.387051
0.265602
-0.301421
0.647038
1.248394
0.525657
-1.165018
-0.720768
0.402829
0.207665
-0.228274
-0.292195
-1.120093
0.558578
-0.263005
-1.154026
-1.195431
-0.842831
-0.119928
-0.867937
-0.376274
0.583112
0.249884
-0.213120
-1.094515
-0.524135
-1.117049
-0.130661
-0.735152
-2.037489
0.699583
0.625599
1.268906
0.268516
0.471271
0.153790
-0.237102
0.058869
-1.540950
0.033033
0.784837
-0.386293
0.021553
-0.357107
-0.057613
1.871085
1.567707
0.209987
-1.260633
1.590550
-0.411381
-0.693426
0.019892
-0.162372
0.783660
0.151643
0.193442
-0.218529
0.339900
-0.373658
-0.047619
-0.127311
0.710038
1.218793
1.018329
0.129762
1.217472
-0.224187
-0.776015
-1.582392
-1.355624
-2.101076
0.216746
0.528417
0.473564
-0.853810
-0.342711
0.460771
0.260185
-0.246514
0.130876
-0.982889
-0.099894
0.225650
0.113323
0.083447
1.105078
-0.338841
-0.688725
1.013611
-1.965775
-0.238925
0.805523
-1.945705
-0.960861
1.361094
0.341272
-0.579840
0.881961
-1.540160
-1.456768
-1.170917
-1.928865
0.677417
2.365704
-0.327126
-0.717707
1.527806
0.221195
0.402372
0.386982
0.432612
0.451064
0.376643
-0.054628
0.958196
0.279408
1.620940
2.754994
0.041624
3.489565
3.435786
-0.157353
-0.555341
-0.209093
-0.718240
-1.447558
-1.567841
-2.016859
-0.740384
-0.768246
-0.762659
-0.672618
2.231241
1.979796
0.580180
0.007734
0.923690
0.456592
-0.726603
0.431179
-0.195217
-0.235212
-0.556784
0.103245
0.981061
0.886260
0.065347
-0.355251
0.543832
0.667503
-0.195951
-0.456171
-0.292951
0.805717
-0.260274
0.027150
-0.340589
0.387029
-0.727229
0.336038
-0.141469
-1.328325
0.233124
0.240849
-0.172966
-0.529549
-0.314778
0.454694
1.307839
0.100373
0.332631
0.838333
0.499588
-1.155902
0.023828
-1.347762
-1.660476
0.667517
-0.817577
-2.386874
0.450604
1.118281
0.871647
-0.810675
-0.453073
1.174838
-0.683553
0.292360
0.016694
-0.418525
-0.563663
0.424798
-0.852297
0.186623
-0.275746
-1.838942
-0.877426
-0.309378
-0.039044
-0.016937
0.050776
1.611339
0.076862
0.829129
1.156806
-0.669502
-2.716325
-3.222368
-1.033082
-1.192778
0.208330
2.434780
1.029989
2.160855
2.586977
0.615262
0.568112
0.242984
-0.082124
0.125536
-0.010530
-0.426167
-0.407391
0.215563
2.660746
0.624768
0.420393
1.329223
0.088335
-1.461779
1.091277
-1.083035
-1.862719
1.087131
0.857451
0.730536
0.641821
0.056743
-0.367351
-0.033787
-1.010703
-1.363438
-0.359884
-1.732781
0.406280
0.164195
-0.046088
0.730951
0.282239
0.670577
0.839370
-0.282770
-0.337123
-0.229831
-0.626831
-0.215361
0.185585
-0.703921
0.364699
0.015353
-0.969369
-2.330354
-0.461877
-1.173481
-0.735472
0.149526
-0.265855
-0.279426
-0.185289
-0.318148
-0.969497
0.441812
0.217359
0.317326
-0.124361
0.415194
0.828956
0.418183
-2.324033
-2.495608
0.320460
-0.863811
0.170134
1.550788
0.461474
1.708633
2.713177
0.923320
-1.341719
-0.448102
-0.031906
-0.967609
-0.611436
0.344868
-0.796910
0.485648
-1.895192
-1.345386
-0.978216
-0.587943
-0.146180
0.281415
-0.140138
1.169185
1.037688
-0.153199
0.048123
-0.069536
0.069858
0.322468
0.545076
0.094025
0.372204
0.629098
-0.319614
-1.218175
0.763595
0.990194
1.357916
1.023095
0.612036
0.507160
-0.014513
0.576214
-1.877325
-0.564143
0.716378
-0.758207
-0.041874
0.162548
-0.540993
0.434290
-1.207562
-0.994384
-0.067602
-0.029713
1.037735
0.978542
-0.458641
0.390146
0.199005
-1.234879
-0.916232
-0.132314
-0.374963
-0.194650
0.934274
-0.104615
0.425655
1.029736
-1.029138
-0.289394
-0.527178
-0.151764
0.767489
0.260342
0.326724
0.721320
0.142207
1.271498
-0.183527
0.415777
0.615663
-0.196481
-0.562997
0.324590
-0.061188
0.322531
-0.039237
-0.270272
-0.710122
0.150680
-0.872778
0.273403
0.531430
1.192087
0.874851
-0.541473
-0.509080
-0.893136
0.775974
-0.264573
-0.858584
0.853749
0.706922
0.598042
-0.119709
1.636477
0.802072
0.866112
0.571758
-1.317996
0.715939
-0.325903
-0.778992
1.832996
0.296975
-0.374696
0.871915
-0.937376
-0.564897
0.003934
-1.616370
-0.832502
1.132640
-1.068799
-0.774305
0.648697
-2.381700
-3.064283
0.021166
-1.645191
-1.490154
1.869599
1.801493
0.849729
2.185164
-1.321629
-0.741931
0.397955
-1.404392
-0.163350
-2.740423
-1.741055
0.001731
-0.955228
0.936200
2.068685
0.089701
0.939079
2.503580
0.682900
0.872966
0.570972
-0.186171
-0.911023
-0.302740
0.478138
-0.103780
0.489333
0.924602
0.276855
0.133440
0.162391
-0.124689
0.911289
0.911514
0.961665
0.916665
0.384089
1.364745
0.454684
0.799039
0.318959
-0.643001
0.481519
-0.306333
-0.401002
0.885926
1.951106
1.207727
1.256638
0.080234
-1.664825
1.089954
-0.540422
-1.239522
-0.340023
-1.217737
-0.748125
0.020980
-2.185561
-1.716084
0.141938
-2.137924
-1.161339
-0.248805
0.173474
0.376352
0.225328
-1.883105
0.172321
-0.127498
-0.992357
0.225232
0.391022
-0.194450
0.901027
1.342367
0.220314
1.208458
1.579651
-0.269066
0.840588
-0.014821
-0.628340
-1.042066
-0.057866
0.397506
-0.211885
-0.154040
-0.093877
0.102398
0.286394
-0.010697
0.034710
-0.974947
-0.775643
-0.797458
-0.967261
-0.672022
-1.172215
-0.961681
-0.630107
-1.350809
-0.306084
-0.807007
-0.303567
0.517044
0.948635
1.041942
0.087519
0.290647
-1.075241
-0.292538
0.013244
-1.143270
-0.777340
0.185086
-0.958513
-0.078843
-0.771061
0.227326
1.531135
0.209094
0.515835
1.599058
1.036597
0.069418
-0.536269
0.107008
-0.758338
0.506836
-0.705333
-0.564173
0.930476
0.458335
-0.099853
-0.601302
-2.050286
-1.241314
-0.102094
0.586022
-0.528272
0.985685
0.744468
0.406485
0.988028
1.255932
1.351545
0.713987
0.314602
-1.238284
0.860578
0.045372
-0.014065
0.644165
0.726856
0.319675
1.416003
0.557333
-0.991023
-1.055780
-1.356733
-1.897881
1.480117
1.119578
0.097579
-2.231111
-0.564595
-0.614118
-1.695211
0.713197
1.564135
1.248360
-0.651771
1.115842
2.026057
1.140914
1.474678
1.272245
0.273763
1.237164
-0.554072
-0.513291
-1.400266
-1.991748
-0.898958
-1.379359
-2.017321
-1.338967
-1.060912
0.270745
1.462858
2.042020
-0.066904
1.171885
0.213977
-0.695328
-2.036581
-1.890954
2.025728
1.404378
0.203577
0.216258
1.682718
0.522059
0.088167
1.850598
1.081911
-0.291358
-1.552096
-0.940204
-1.050167
-0.358159
-0.043963
-1.588853
-0.378145
0.541210
0.590226
0.069821
-0.057226
0.725278
0.668638
0.340653
1.112608
0.925915
0.345903
0.295981
1.055892
-0.270079
0.528905
0.347605
0.942321
-1.217102
-0.440814
-0.541659
0.177508
-0.675045
-0.188395
-0.401280
-0.670923
0.332149
0.964366
0.816526
0.609975
-1.124786
-0.126824
-0.776262
1.306923
0.198439
-0.373655
1.259046
0.843664
-0.142930
-0.961537
-1.547382
-1.676135
0.934742
0.957340
-0.156320
1.635409
1.241604
1.154741
-0.420474
0.188917
0.061366
-1.278875
-2.998757
-1.197281
1.176884
0.992116
0.043395
0.612945
0.827239
0.243675
-1.067220
-0.341195
-0.740737
-0.515539
0.184212
-0.123548
-2.518953
-1.440520
-1.265726
0.441242
-0.079544
0.359601
1.417831
0.945770
0.875086
1.123510
1.920407
0.564588
-1.951401
-1.076644
-0.262408
-0.422825
-0.776073
-0.772769
-0.124468
-0.228384
0.090081
-0.294044
0.827636
0.105943
-0.027338
-0.301723
0.561303
0.959654
1.303165
0.725084
-1.434408
-0.542516
-0.210984
0.255280
-0.544763
-0.735585
0.067333
-0.001235
0.205409
0.869726
-0.190609
-0.293998
0.029650
0.346422
0.035971
-0.259549
-0.933308
-0.566511
-1.883823
-3.074032
-1.889485
2.140402
2.289465
1.376225
1.308858
1.425026
-0.289432
0.385904
0.698113
1.326006
-2.396339
-2.418924
-0.844602
2.004302
0.351063
0.310921
-1.693836
-1.192388
-0.219910
0.025331
-0.071118
-0.561733
1.266388
0.089062
0.441655
-0.556939
0.732466
-0.090466
-0.620142
-0.471879
0.648503
0.008734
-0.870056
0.189747
0.225403
-0.682875
-0.403203
-0.807339
-0.078025
0.266639
-0.258220
-0.480787
-0.466082
0.483714
0.846334
0.245437
-0.050483
0.343311
1.118110
0.008768
-0.043128
0.713321
0.383832
0.109721
0.227134
0.096927
0.188307
-0.064098
0.549675
0.247891
1.167695
-0.191306
0.060630
0.741063
-0.778545
0.336836
0.191825
-0.461704
-0.373113
-0.353903
0.065390
0.866027
0.288275
-0.625588
1.034190
0.828751
0.049198
-2.956035
1.362233
1.334422
-1.877105
-3.072264
-0.257388
4.534011
-0.798765
-0.560884
-0.223552
0.162062
0.212272
-0.528899
-0.843005
0.784282
-0.527102
-0.552893
-0.960807
-2.550948
0.123812
1.530892
-2.848790
-2.901805
0.448417
1.200064
-0.600781
-0.543585
-1.451901
0.556093
1.197462
-2.747243
0.137613
1.315798
-0.097628
-0.302945
-0.977069
-1.289414
-1.789154
0.498593
1.120620
-0.166531
0.292234
1.881745
2.151700
0.183632
-0.110150
0.328422
-0.079824
-0.120346
0.015276
0.217590
-0.070946
-0.034682
-0.287529
0.008749
-0.124018
0.541597
0.173208
0.975091
1.029514
1.324168
0.447493
0.109947
-0.521163
0.631859
-0.030595
0.868833
-1.148824
0.147484
-0.564931
0.202942
-0.476057
0.226387
1.014392
-0.894809
0.665336
0.151214
-1.031677
-0.924933
0.901846
0.145634
0.035591
-0.437771
-0.391358
1.856422
0.303242
0.191819
-1.255153
0.342268
0.356475
-1.005686
0.208366
0.796926
0.539957
0.015694
-1.519161
1.218181
0.541802
0.428330
0.589560
0.838673
-0.621019
0.090670
0.349307
-0.919218
-0.307150
-0.085156
0.482877
0.169439
0.645884
0.490252
-0.036832
0.610874
-0.304230
-0.356184
0.594012
-0.290357
-0.102308
0.932559
0.639796
0.337192
0.629811
0.045478
1.177891
0.602921
1.005962
1.131544
1.104199
0.721007
0.817695
-0.570283
-1.272546
0.295210
-0.481110
-0.006947
0.634804
2.084419
-0.132630
0.556917
0.496147
-1.109270
0.150341
-0.280318
-0.686596
0.002582
0.414727
-0.268375
-0.211569
-0.568359
1.071629
0.124824
-0.332457
-1.559629
-0.180458
0.285417
-1.315687
-0.519939
-0.629090
0.616165
0.449359
1.673013
1.558602
0.343789
1.229296
0.013902
-0.398640
0.248257
0.778926
0.760954
1.364152
-1.432283
-1.375189
-0.272392
-1.548955
-0.964828
0.440452
-0.733702
0.519047
2.263272
-0.202924
0.850577
2.121486
-0.675174
0.289551
0.896526
-0.990368
0.319440
-0.085360
-0.324785
0.194735
0.223557
-1.423992
-0.639322
-1.012888
0.991982
1.147465
2.276088
0.400434
0.727770
1.334059
-0.429003
-0.074012
0.730259
-0.702358
-0.694359
0.011967
0.241930
-0.334317
-0.016986
-0.789863
-0.830696
-0.213544
0.768893
0.790354
1.001994
-0.067339
-1.198853
0.862689
-3.615563
-3.866759
-2.238863
-1.030406
-1.149658
0.709056
-0.175335
0.419085
0.110366
-2.294497
-0.399376
-0.674990
-2.364715
0.315630
0.205546
-0.218468
0.492004
1.608048
-1.341518
-2.848270
0.492808
-0.471260
-0.652129
0.575226
-0.185102
-0.202405
0.206811
-0.458678
-0.073268
0.772744
0.663846
0.930232
1.465156
0.160300
-2.230644
-2.725027
2.240903
-0.729777
-1.566111
2.614343
0.991363
-0.826608
0.334476
1.117300
-0.325808
-0.008021
-0.302019
0.234919
0.239215
0.075242
0.148162
-1.102403
0.120213
0.077479
-0.830816
-0.223419
0.475139
-0.702894
0.633453
0.526055
-2.900099
-0.627615
1.352841
-2.492773
0.131317
2.280523
-0.968514
0.726275
1.954098
0.546595
-0.514339
0.803152
-0.334678
0.619539
-0.146792
-0.010118
-0.335160
-1.076912
-0.239975
0.803795
1.585516
0.333549
0.301831
0.871692
-0.924728
0.667235
0.567539
-0.007640
-0.044747
-0.526410
-0.028062
-1.198933
0.068176
-0.939164
0.222446
-0.942504
1.273297
0.250088
0.543597
0.083816
1.482425
-1.356326
-0.996370
-1.689675
0.096400
-0.803121
-1.454400
-1.183802
0.321957
0.020978
-1.247149
1.528666
1.402750
0.110562
0.223979
2.097868
-0.506826
0.609538
1.390072
-0.181964
1.237239
-1.196789
1.890196
-0.687435
-0.454151
-0.301876
-0.278475
-0.391427
-1.730517
-0.443491
-0.585740
0.006196
-0.106616
0.052997
0.158676
-0.215631
0.332219
1.321118
0.026272
0.313695
1.356761
0.534924
0.276521
-0.038835
-0.106164
1.585498
-2.993172
1.175968
-0.913930
-1.449657
-0.119488
-0.311942
-0.146730
0.414657
-0.883409
1.516478
0.172238
0.112382
-1.126327
-0.240479
-0.664760
0.390261
-0.403722
-0.106731
0.760655
-0.248660
0.522544
-1.139003
0.467580
0.022556
0.385422
0.087990
-1.332837
0.342754
1.297718
-0.331987
0.240796
-0.003947
0.823482
1.929087
-1.215827
-0.795620
0.202600
-0.949149
-0.371299
0.371785
0.148407
0.907414
1.068579
0.027323
0.430429
-0.003035
0.634334
0.159163
0.352481
0.773691
-0.385103
0.289447
0.048287
-0.991306
-0.420236
1.199367
0.366528
-0.656600
0.914656
-0.954630
-0.143036
0.553231
-1.096652
-2.470408
2.954269
0.925427
-0.996419
0.267005
-0.241453
-0.268040
-0.384458
-1.521141
-0.841286
0.652903
0.344791
-1.822646
0.902399
0.697624
0.774505
0.407802
0.248659
0.881104
-0.388432
-0.276799
0.469087
0.635819
-0.159274
-0.231336
-1.080948
0.375466
0.902052
-0.365329
-0.748749
-1.434822
-0.235404
-0.308519
0.478379
-0.552482
-1.029551
-0.455234
-0.093157
-1.210410
0.723324
-0.385970
-1.148755
-0.318151
-0.063768
-1.449188
-1.067291
3.232816
0.808315
0.699753
-0.521194
1.273590
1.596092
-0.214381
-3.351300
-1.765234
1.246471
1.322456
0.267812
0.931528
0.183016
0.492852
0.264267
0.044888
-0.431102
0.289248
0.660218
0.014673
0.729789
2.164115
1.958840
-1.431744
-2.842883
-1.536376
0.201608
0.409412
-0.975084
0.194151
1.086400
0.775621
-0.516850
-0.969224
0.681215
0.284152
0.732870
-0.359769
-0.170338
-0.577821
0.788423
0.191278
-2.046591
-3.066708
0.222601
0.661611
-0.419499
-0.322204
-0.609429
-0.249639
0.248345
-0.234774
1.222916
0.406072
0.691801
0.147893
0.433801
-0.114767
0.203171
0.040750
0.237479
1.090394
0.494385
0.304546
1.060640
-0.781705
-0.670502
0.667272
-0.084823
-0.258100
0.786501
-0.008186
0.343441
1.477413
-0.532250
-0.788148
-0.000658
0.305978
0.324780
0.290774
0.867721
0.384317
0.391748
-0.629615
-0.345706
0.685917
-1.622466
-0.429906
1.879816
-1.180518
-0.128588
2.129646
-0.893627
0.221950
1.264999
-1.460508
0.076834
1.888402
-1.596155
-0.612189
2.005551
-1.289031
1.677001
1.057502
-2.951422
1.936247
1.206697
-2.440565
1.340159
0.740823
0.626155
0.350716
0.035847
0.105317
0.260620
-0.140573
-0.380696
0.241905
0.211547
0.790387
-0.557783
-0.582358
0.138608
-1.280392
0.554378
0.729130
-1.464617
0.591861
0.559109
-0.226921
-0.546272
-0.736364
0.748753
0.221303
0.667107
0.215909
0.050833
-2.215728
-0.223476
2.841919
-2.496814
-0.442734
2.179174
-1.711369
0.167110
2.217430
-0.177535
0.437515
-0.000197
-0.323379
0.845298
0.562610
0.289029
0.901253
0.096903
0.366856
0.120641
1.155199
-0.172958
0.791767
0.632142
-0.872105
1.088914
0.487065
0.297755
-0.378996
0.081184
-0.356846
-0.959424
0.790915
-0.273593
-0.579387
0.437996
-0.460767
-0.481404
0.082316
-2.087767
-0.361814
1.106965
-0.727825
0.033003
0.466829
-0.733468
-1.275215
0.059883
-1.603697
-1.809151
0.031803
-0.887983
-1.599570
0.076187
-0.530175
-0.021972
0.030064
-1.883535
-0.610871
-0.034219
-2.039137
-0.652633
0.129288
