0.614538
0.736453
0.305039
0.623789
0.396954
0.000000
0.771483
0.241164
0.188294
0.476883
0.375972
0.574291
0.503714
0.285405
0.532650
0.655966
0.747749
0.633608
1.000000
0.677763
0.294129
0.517809
0.697158
0.167392
0.480775
0.624180
0.262927
0.838429
0.942882
0.678315
0.655062
1.000000
0.480242
0.638168
0.463561
0.391934
0.567264
0.382039
0.463482
0.165661
0.209509
0.320874
0.459508
0.321497
0.358870
0.077064
0.000000
0.280845
0.181241
0.145506
0.592925
0.618906
0.445972
0.690157
0.064331
0.173500
0.380472
0.252767
0.286143
0.022580
0.562093
0.602061
1.000000
0.270919
0.058732
0.132790
0.404116
0.777080
0.185991
0.482757
0.994153
0.663496
0.320207
0.123451
0.580000
0.708958
0.492830
0.655355
0.000000
0.699917
0.967681
0.111761
0.000000
0.116434
0.395403
0.006619
0.412178
0.426767
0.376861
0.331955
0.323331
0.350002
0.384002
0.226761
0.404934
0.400487
0.619292
0.563453
0.482130
0.926772
0.967214
1.000000
0.703880
0.905616
0.963761
0.364132
0.446247
0.744253
0.130700
0.424095
0.635276
0.000000
0.281423
0.649367
0.420244
0.580202
0.481476
0.862454
0.808184
0.624427
1.000000
0.593797
0.470448
0.910208
0.714821
0.552337
0.732487
0.813924
0.652940
0.866784
0.530212
0.704978
0.440516
0.687749
0.391743
0.369223
0.000000
0.542356
0.720807
0.009208
0.378789
0.593120
0.373453
0.514804
0.739560
0.039725
0.237357
1.000000
0.039836
0.141171
0.785317
0.377662
0.242858
0.707878
0.113405
0.349196
0.810362
0.069250
0.317337
0.583937
0.314364
0.305928
0.308943
0.521436
0.624477
0.454593
0.760635
0.780444
0.362020
0.522160
0.727134
0.803012
0.676470
1.000000
0.562315
0.469707
0.579293
0.192482
0.285900
0.601180
0.232483
0.621999
0.000000
0.877267
0.962251
0.311259
0.834335
0.675458
0.530693
0.375107
0.160513
0.445356
0.316170
0.425408
0.526370
0.695667
0.858183
0.648028
0.271784
0.042111
0.242278
0.333885
0.526693
0.449263
0.881430
0.917519
0.769045
0.167417
0.000000
0.146910
0.300477
0.486243
0.626311
0.795918
1.000000
0.928402
0.527109
0.845715
0.440917
0.669485
0.793750
0.378618
0.525260
0.602752
0.673144
0.815279
0.993463
0.455060
0.756163
0.991891
0.000000
0.632791
0.316294
0.372174
0.663362
0.967642
0.148259
1.000000
0.826543
0.077287
0.818232
0.560982
0.310466
0.573793
0.352523
0.675728
0.498580
0.662013
0.483255
0.374523
0.486200
0.652272
0.739764
0.983141
0.719774
0.906727
1.000000
0.653078
0.737301
0.940926
0.483183
0.504901
0.196572
0.446228
0.308844
0.000000
0.309678
0.585330
0.286008
0.725132
0.992878
0.601965
0.188038
1.000000
0.554069
0.052808
0.875289
0.514161
0.000000
0.482561
0.531533
0.650010
0.392552
0.497708
0.750007
0.407797
0.439869
0.628838
0.138738
0.447729
0.803546
0.220138
0.509617
0.901503
0.306826
0.615598
0.838465
0.556919
0.170282
0.275439
0.359854
0.759610
0.284028
0.529824
0.823790
1.000000
0.457847
0.455697
0.313073
0.550129
0.689511
0.048128
0.769931
0.206993
0.429591
0.505081
0.506602
0.283300
0.035870
0.491546
0.011134
0.408500
0.000000
0.281609
0.340478
0.157582
0.106088
0.368400
0.380047
0.283766
1.000000
0.588024
0.636929
0.233863
0.495850
0.675100
0.000000
0.520383
0.602586
0.409685
0.419963
0.507322
0.776630
0.609763
0.483861
0.352056
0.534781
0.395818
0.426933
0.140269
0.149100
0.832720
0.756159
0.508229
0.260926
0.000000
0.176116
0.308742
0.387206
0.322197
0.942547
1.000000
0.661036
0.332159
0.005320
0.211836
0.115418
0.066890
0.219499
0.775252
0.771663
0.579046
0.192921
0.051565
0.312859
0.235360
0.264761
0.377370
0.180881
0.590306
0.677804
0.023710
0.572031
0.958177
0.239710
0.479705
0.806898
0.197761
0.597382
0.777037
0.000000
0.545519
1.000000
0.185216
0.445051
0.771699
0.290236
0.489229
0.710971
0.051469
0.521148
0.874582
0.382279
0.524053
0.686204
0.476824
0.352973
1.000000
0.288779
0.109675
0.570696
0.229608
0.191804
0.321884
0.256117
0.000000
0.636856
0.459078
0.096377
0.472957
0.531249
0.543602
0.544134
0.446740
0.300802
0.587777
0.465251
0.170731
0.376329
0.403032
0.403134
0.372693
